100
1 10 388
1 20 1117
1 32 562
1 48 307
1 71 1094
1 83 1195
1 93 584
1 94 1450
1 95 521
2 6 1362
2 18 1008
2 20 443
2 22 1202
2 35 343
2 41 1490
2 52 1073
2 63 1056
2 82 1153
2 94 210
3 4 357
3 12 299
3 17 650
3 19 428
3 20 1117
3 28 670
3 30 602
3 32 1269
3 33 1190
3 49 1416
3 50 879
3 63 379
3 82 1303
3 93 1452
4 1 396
4 9 767
4 27 286
4 35 769
4 36 1216
4 47 908
4 53 1345
4 74 274
4 76 95
4 81 677
4 86 1176
4 95 59
5 33 1472
5 38 535
5 51 282
5 77 1387
5 89 894
5 98 237
6 1 313
6 5 1261
6 8 434
6 11 836
6 33 1262
6 43 89
6 45 376
6 70 554
6 80 1332
6 91 884
7 2 523
7 6 1298
7 11 1350
7 17 1275
7 27 471
7 31 477
7 39 480
7 63 1224
7 84 1395
8 14 814
8 33 40
8 40 780
8 45 844
8 47 820
8 56 894
8 85 1332
8 86 254
8 88 392
8 96 993
8 100 235
9 10 982
9 11 235
9 16 1497
9 27 1189
9 42 561
9 45 56
9 48 986
9 50 769
9 57 702
9 60 1121
9 69 783
10 5 1117
10 8 945
10 15 928
10 16 132
10 28 618
10 44 1156
10 57 814
10 67 824
10 76 791
10 78 353
10 93 688
10 98 241
11 2 954
11 12 879
11 21 1326
11 43 108
11 44 423
11 74 903
11 80 858
11 82 133
11 100 533
12 13 95
12 16 1166
12 34 596
12 40 1150
12 42 235
12 49 603
12 67 1449
12 78 7
12 86 927
12 88 837
13 14 1152
13 20 442
13 42 1325
13 64 445
13 80 207
13 88 195
14 2 841
14 3 1129
14 36 13
14 51 1486
14 57 279
14 66 858
14 71 1164
14 91 842
14 94 1395
15 4 1152
15 11 531
15 13 1167
15 79 986
15 87 868
15 91 678
15 93 1125
16 4 884
16 18 166
16 29 464
16 51 587
16 62 281
16 68 1027
16 75 599
16 78 1220
16 81 482
16 92 1289
16 97 157
17 11 1062
17 31 1153
17 43 856
17 51 202
17 54 755
17 56 1479
17 57 158
17 66 500
17 68 1355
17 69 397
17 75 1458
17 96 25
17 98 811
18 3 524
18 9 837
18 15 578
18 22 1142
18 29 104
18 40 215
18 41 508
18 45 232
18 47 1440
18 66 641
18 78 952
18 82 793
18 88 1187
18 98 780
19 11 1397
19 15 517
19 22 149
19 23 133
19 25 912
19 29 371
19 30 738
19 36 1179
19 46 371
19 47 763
19 48 766
19 68 1282
19 85 720
19 94 142
20 26 1402
20 29 708
20 30 190
20 32 1253
20 38 1129
20 42 213
20 48 423
20 52 98
20 55 875
20 63 744
20 65 1257
20 71 1290
20 72 1008
20 83 135
20 85 765
20 96 1297
21 1 636
21 11 1134
21 14 548
21 24 559
21 30 589
21 34 950
21 45 154
21 50 859
21 63 852
21 82 661
21 87 1104
21 93 573
22 14 904
22 15 312
22 19 1305
22 41 527
22 43 1330
22 44 732
22 52 436
22 64 1432
22 74 1147
22 79 783
23 19 1483
23 21 12
23 29 773
23 32 499
23 43 1340
23 48 153
23 49 318
23 58 1154
23 72 500
23 89 7
23 94 674
23 98 948
24 12 321
24 20 967
24 23 644
24 25 862
24 36 287
24 49 652
24 56 542
24 57 973
24 61 566
24 71 529
24 82 7
24 92 43
24 96 943
25 9 247
25 14 876
25 17 1293
25 27 1294
25 52 477
25 61 533
25 62 513
25 69 498
25 78 48
25 96 567
25 99 662
26 8 709
26 22 59
26 37 395
26 58 1189
26 77 1361
26 91 423
27 5 261
27 6 442
27 8 1419
27 12 141
27 21 91
27 33 564
27 38 640
27 39 311
27 60 489
27 65 34
27 69 1189
28 13 395
28 24 370
28 37 860
28 40 1321
28 42 1383
28 49 1108
28 56 27
28 61 702
28 62 364
28 66 1434
28 72 1124
28 78 260
28 90 1131
28 97 62
28 99 1185
29 3 1154
29 22 8
29 24 69
29 37 1315
29 38 1426
29 50 376
29 71 374
29 78 985
29 83 66
29 90 204
30 43 222
30 55 60
30 58 614
30 63 91
30 71 579
30 74 875
30 80 1290
31 6 315
31 27 1135
31 33 877
31 35 43
31 36 1244
31 41 995
31 51 1194
31 53 828
31 75 900
31 77 144
31 84 1374
32 2 327
32 11 190
32 55 523
32 56 795
32 64 1050
32 78 1291
33 1 611
33 23 1017
33 24 991
33 28 480
33 45 636
33 62 1231
33 67 800
33 83 699
34 6 1290
34 17 60
34 20 637
34 23 77
34 38 799
34 50 849
34 56 1357
34 73 38
34 79 221
34 85 371
34 94 912
35 2 999
35 7 846
35 9 239
35 14 235
35 16 1423
35 23 1484
35 32 288
35 33 705
35 39 536
35 52 182
35 54 127
35 57 681
35 99 750
36 7 200
36 12 749
36 25 1343
36 28 1125
36 34 523
36 89 780
37 2 1236
37 11 520
37 12 138
37 20 1274
37 38 372
37 43 355
37 61 637
37 65 720
37 68 687
37 86 534
37 92 24
37 97 903
38 11 1414
38 13 800
38 17 721
38 20 343
38 45 1393
38 53 1161
38 58 86
38 74 922
39 2 1065
39 26 34
39 29 357
39 34 1166
39 38 881
39 53 534
39 62 509
39 67 258
39 74 342
39 77 901
39 79 286
40 24 1358
40 35 540
40 45 1363
40 54 678
40 57 688
40 70 147
40 71 1462
40 72 268
40 94 559
41 1 101
41 7 283
41 12 711
41 15 1312
41 22 618
41 27 551
41 29 621
41 30 1247
41 34 243
41 36 1305
41 39 485
41 40 342
41 45 224
41 46 107
41 84 154
41 85 1101
41 98 869
42 4 780
42 29 717
42 35 265
42 39 1158
42 55 998
42 57 566
42 69 676
42 84 894
42 100 163
43 5 1404
43 18 206
43 21 1343
43 31 475
43 41 96
43 55 614
43 66 1354
43 69 1208
43 70 1414
43 76 188
43 77 1320
44 1 317
44 8 1023
44 25 566
44 28 564
44 29 979
44 30 532
44 55 403
44 58 147
44 72 1119
44 76 188
44 77 1103
44 92 979
45 3 1458
45 48 1067
45 64 1190
45 67 987
45 72 738
45 93 1074
45 95 560
45 96 350
46 6 204
46 28 945
46 29 1082
46 42 1318
46 60 180
46 62 263
46 64 975
46 67 1424
46 84 234
46 93 744
47 4 78
47 18 775
47 42 1414
47 50 972
47 54 94
47 59 181
47 64 1407
47 76 1138
47 77 1319
47 85 144
47 92 35
47 98 927
48 36 666
48 38 1192
48 47 1490
48 86 667
48 94 1188
48 97 173
49 3 1441
49 19 214
49 22 974
49 23 755
49 42 532
49 51 787
49 58 1053
49 64 153
49 71 1040
49 82 978
49 97 445
50 4 1409
50 8 1380
50 14 847
50 33 1129
50 51 190
50 62 964
50 66 874
50 72 647
50 80 1391
50 90 744
50 92 903
51 4 613
51 5 435
51 8 424
51 11 1106
51 23 552
51 61 1386
51 62 156
51 74 316
52 6 285
52 7 220
52 14 265
52 15 750
52 53 108
52 62 1073
52 71 909
52 78 1265
52 84 1058
53 3 96
53 6 525
53 10 1454
53 16 1064
53 28 1164
53 37 605
53 39 222
53 49 189
53 70 1113
53 74 495
53 77 345
53 95 304
54 7 1210
54 11 22
54 26 1401
54 43 1263
54 49 700
54 67 1247
54 89 201
54 90 546
55 8 1096
55 40 506
55 44 939
55 78 178
55 85 168
56 26 1265
56 44 175
56 71 1432
56 87 1112
56 91 1439
57 4 1270
57 16 1073
57 20 1022
57 25 210
57 29 364
57 45 892
57 46 1219
57 58 1377
57 68 4
57 73 335
58 6 111
58 24 200
58 25 195
58 36 77
58 38 256
58 40 375
58 48 1378
58 69 429
58 70 344
58 88 1482
58 97 270
59 7 1126
59 29 198
59 41 191
59 43 1344
59 49 815
59 60 541
59 69 1221
59 73 746
59 74 457
59 86 721
59 88 372
60 15 1262
60 16 1311
60 26 1234
60 41 576
60 46 1222
60 72 548
60 80 85
60 91 1274
60 97 410
60 100 1483
61 1 939
61 8 58
61 18 851
61 37 824
61 65 1213
61 67 888
61 70 31
61 73 696
61 82 1493
61 91 1102
61 93 489
61 99 757
62 6 1041
62 10 151
62 14 1437
62 16 1038
62 21 1028
62 68 452
62 74 353
62 78 461
62 80 1128
62 85 190
63 8 1398
63 9 1349
63 18 1427
63 20 1450
63 30 1447
63 34 339
63 36 1151
63 74 50
63 83 1284
63 84 1082
64 11 574
64 13 507
64 22 1158
64 47 616
64 50 1452
64 95 1054
64 96 1410
65 3 1387
65 27 187
65 45 820
65 46 563
65 50 557
65 52 196
65 58 319
65 67 619
65 81 111
65 98 1081
66 1 1069
66 37 686
66 49 1180
66 53 496
66 67 768
66 82 1107
66 91 882
67 5 1491
67 42 187
67 73 418
67 75 1060
67 80 1287
67 87 876
68 2 123
68 14 96
68 24 354
68 31 663
68 33 1300
68 35 575
68 51 480
68 52 181
68 61 161
68 79 1231
68 83 1009
68 89 929
69 1 932
69 10 1052
69 11 1463
69 15 924
69 16 196
69 23 1348
69 25 1051
69 31 979
69 47 98
69 49 957
69 58 717
69 81 1167
69 83 1190
69 84 1117
69 97 825
69 99 537
70 15 955
70 25 213
70 27 1101
70 37 1147
70 38 803
70 51 218
70 65 1251
70 76 1233
70 90 682
70 95 145
71 2 439
71 25 295
71 37 455
71 41 294
71 47 15
71 59 1407
71 66 140
71 75 603
71 87 587
72 21 1
72 26 1112
72 31 588
72 42 803
72 52 470
72 57 915
72 99 1323
73 4 559
73 27 699
73 82 298
73 100 156
74 9 1129
74 10 551
74 16 209
74 24 995
74 25 965
74 26 784
74 27 92
74 37 239
74 40 1203
74 46 199
74 58 304
74 99 842
75 1 1263
75 2 933
75 6 1484
75 15 1282
75 36 420
75 40 489
75 51 656
75 59 1342
75 69 331
76 25 692
76 39 531
76 45 1125
76 67 492
76 81 1243
76 86 236
77 9 446
77 13 373
77 32 729
77 44 1410
77 51 828
77 56 1307
77 59 1036
77 66 1143
77 85 445
77 87 53
78 7 1237
78 20 773
78 37 1202
78 52 1029
78 82 217
78 91 1399
78 94 491
78 95 1052
78 96 1043
79 1 183
79 9 804
79 44 1075
79 47 113
79 56 1306
79 68 334
79 73 209
79 90 179
79 94 698
79 96 1031
79 97 1233
80 27 367
80 34 8
80 35 36
80 38 1379
80 41 470
80 53 912
80 62 830
80 66 504
80 85 54
80 88 1269
80 90 598
80 96 1287
81 47 45
81 70 768
81 75 490
81 79 1174
81 87 1136
81 100 529
82 6 1162
82 28 531
82 29 997
82 33 591
82 47 1036
82 48 138
82 54 94
82 56 820
82 70 242
82 71 1208
82 72 1438
82 76 38
82 83 1152
82 91 632
83 7 1160
83 13 1396
83 36 235
83 67 19
83 68 926
83 80 660
84 18 844
84 23 1426
84 24 407
84 33 387
84 35 62
84 47 439
84 86 1309
85 19 1495
85 24 1266
85 61 882
85 65 1094
86 1 221
86 3 21
86 10 431
86 14 1179
86 23 232
86 55 551
86 67 833
86 79 227
86 80 1456
86 82 506
86 90 497
86 94 493
87 3 796
87 24 719
87 34 717
87 51 984
87 85 58
87 94 304
88 13 798
88 31 800
88 54 959
88 79 1311
89 24 1256
89 26 715
89 37 168
89 56 1134
89 59 275
89 69 497
89 88 662
89 91 1386
90 7 1082
90 16 1244
90 18 1098
90 19 268
90 22 1360
90 23 339
90 26 99
90 63 850
90 64 1290
90 72 787
90 94 1419
90 97 920
91 32 913
91 49 1030
91 61 646
91 62 860
91 67 477
91 75 223
91 78 225
91 84 221
91 97 1322
92 3 1069
92 8 1026
92 9 1242
92 17 1350
92 33 289
92 35 166
92 53 809
92 56 882
92 89 484
92 91 299
93 3 1381
93 5 392
93 11 923
93 18 1194
93 39 105
93 56 1327
93 75 1222
93 79 832
94 9 1335
94 26 143
94 27 1053
94 29 13
94 30 506
94 74 1322
94 78 1198
94 98 1263
95 1 1345
95 33 1423
95 51 979
95 54 356
95 61 1152
95 75 148
95 76 502
95 77 981
95 94 628
95 99 257
96 13 643
96 15 1337
96 17 652
96 45 812
96 73 1081
96 78 404
96 88 92
96 90 1260
96 91 988
97 6 1300
97 15 216
97 30 242
97 32 561
97 71 295
97 74 936
97 75 1388
97 83 547
97 93 1290
98 2 1207
98 9 88
98 17 753
98 22 612
98 28 487
98 30 1132
98 33 985
98 60 1181
98 62 665
98 77 1498
98 96 812
98 97 1319
99 15 1113
99 20 232
99 40 985
99 54 1326
99 59 1290
99 83 223
99 84 596
99 87 82
100 22 721
100 31 661
100 33 133
100 40 1193
100 48 199
100 49 1388
100 54 1134
100 56 647
100 58 1131
100 72 1264
100 85 1015
100 89 653
#
93 62
10 2
30 73
74 22
94 68
71 48
51 23
100 65
37 82
77 40